data/rastert_dem1.asc
ncols         215
nrows         184
xllcorner     -99.52151495306
yllcorner     19.053558723045
cellsize      0.006167
NODATA_value  -9999
[rows 0 to 36 of 184, columns 83 to 165 of 215]
-9999 -9999 -9999 -9999 -9999 -9999 -9999 -9999 -9999 -9999 -9999 -9999 -9999 -9999 -9999 -9999 -9999 -9999 -9999 -9999 -9999 -9999 -9999 -9999 -9999 -9999 -9999 -9999 -9999 -9999 -9999 -9999 -9999 -9999 -9999 -9999 -9999 -9999 -9999 -9999 -9999 -9999 -9999 -9999 -9999 3013 -9999 -9999 -9999 -9999 -9999 -9999 -9999 -9999 -9999 -9999 -9999 -9999 -9999 -9999 -9999 -9999 -9999 -9999 -9999 -9999 -9999 -9999 -9999 -9999 -9999 -9999 -9999 -9999 -9999 -9999 -9999 -9999 -9999 -9999 -9999 -9999 -9999
-9999 -9999 -9999 -9999 -9999 -9999 -9999 -9999 -9999 -9999 -9999 -9999 -9999 -9999 -9999 -9999 -9999 -9999 -9999 -9999 -9999 -9999 -9999 -9999 -9999 -9999 -9999 -9999 -9999 -9999 -9999 -9999 -9999 -9999 -9999 -9999 -9999 -9999 -9999 -9999 -9999 -9999 -9999 -9999 2931 2945 3003 -9999 -9999 -9999 -9999 -9999 -9999 -9999 -9999 -9999 -9999 -9999 -9999 -9999 -9999 -9999 -9999 -9999 -9999 -9999 -9999 -9999 -9999 -9999 -9999 -9999 -9999 -9999 -9999 -9999 -9999 -9999 -9999 -9999 -9999 -9999 -9999
-9999 -9999 -9999 -9999 -9999 -9999 -9999 -9999 -9999 -9999 -9999 -9999 -9999 -9999 -9999 -9999 -9999 -9999 -9999 -9999 -9999 -9999 -9999 -9999 -9999 -9999 -9999 -9999 -9999 -9999 -9999 -9999 -9999 -9999 -9999 -9999 -9999 -9999 -9999 -9999 -9999 -9999 -9999 2947 2936 2934 2951 -9999 -9999 -9999 -9999 -9999 -9999 -9999 -9999 -9999 -9999 -9999 -9999 -9999 -9999 -9999 -9999 -9999 -9999 -9999 -9999 -9999 -9999 -9999 -9999 -9999 -9999 -9999 -9999 -9999 -9999 -9999 -9999 -9999 -9999 -9999 -9999
-9999 -9999 -9999 -9999 -9999 -9999 -9999 -9999 -9999 -9999 -9999 -9999 -9999 -9999 -9999 -9999 -9999 -9999 -9999 -9999 -9999 -9999 -9999 -9999 -9999 -9999 -9999 -9999 -9999 -9999 -9999 -9999 -9999 -9999 -9999 -9999 -9999 -9999 -9999 -9999 -9999 -9999 -9999 2823 2858 2772 2848 2945 3012 -9999 -9999 -9999 -9999 -9999 -9999 -9999 -9999 -9999 -9999 -9999 -9999 -9999 -9999 -9999 -9999 -9999 -9999 -9999 -9999 -9999 -9999 -9999 -9999 -9999 -9999 -9999 -9999 -9999 -9999 -9999 -9999 -9999 -9999
-9999 -9999 -9999 -9999 -9999 -9999 -9999 -9999 -9999 -9999 -9999 -9999 -9999 -9999 -9999 -9999 -9999 -9999 -9999 -9999 -9999 -9999 -9999 -9999 -9999 -9999 -9999 -9999 -9999 -9999 -9999 -9999 -9999 -9999 -9999 -9999 -9999 -9999 -9999 -9999 -9999 2800 2797 2827 2797 2695 2730 2810 2875 -9999 -9999 -9999 -9999 -9999 -9999 -9999 -9999 -9999 -9999 -9999 -9999 -9999 -9999 -9999 -9999 -9999 -9999 -9999 -9999 -9999 -9999 -9999 -9999 -9999 -9999 -9999 -9999 -9999 -9999 -9999 -9999 -9999 -9999
-9999 -9999 -9999 -9999 -9999 -9999 -9999 -9999 -9999 -9999 -9999 -9999 -9999 -9999 -9999 -9999 -9999 -9999 -9999 -9999 -9999 -9999 -9999 -9999 -9999 -9999 -9999 -9999 -9999 -9999 -9999 -9999 -9999 -9999 -9999 -9999 -9999 -9999 -9999 -9999 -9999 2766 2749 2731 2699 2665 2632 2650 2692 2864 -9999 -9999 -9999 -9999 -9999 -9999 -9999 -9999 -9999 -9999 -9999 -9999 -9999 -9999 -9999 -9999 -9999 -9999 -9999 -9999 -9999 -9999 -9999 -9999 -9999 -9999 -9999 -9999 -9999 -9999 -9999 -9999 -9999
-9999 -9999 -9999 -9999 -9999 -9999 -9999 -9999 -9999 -9999 -9999 -9999 -9999 -9999 -9999 -9999 -9999 -9999 -9999 -9999 -9999 -9999 -9999 -9999 -9999 -9999 -9999 -9999 -9999 -9999 -9999 -9999 -9999 -9999 -9999 -9999 -9999 -9999 2671 2678 2820 2901 2839 2753 2720 2647 2583 2635 2708 2753 2816 -9999 -9999 -9999 -9999 -9999 -9999 -9999 -9999 -9999 -9999 -9999 -9999 -9999 -9999 -9999 -9999 -9999 -9999 -9999 -9999 -9999 -9999 -9999 -9999 -9999 -9999 -9999 -9999 -9999 -9999 -9999 -9999
-9999 -9999 -9999 -9999 -9999 -9999 -9999 -9999 -9999 -9999 -9999 -9999 -9999 -9999 -9999 -9999 -9999 -9999 -9999 -9999 -9999 -9999 -9999 -9999 -9999 -9999 -9999 -9999 -9999 -9999 -9999 -9999 -9999 -9999 -9999 -9999 2604 2512 2504 2536 2603 2620 2602 2799 2670 2541 2511 2629 2605 2713 2773 2814 -9999 -9999 -9999 -9999 -9999 -9999 -9999 -9999 -9999 -9999 -9999 -9999 -9999 -9999 -9999 -9999 -9999 -9999 -9999 -9999 -9999 -9999 -9999 -9999 -9999 -9999 -9999 -9999 -9999 -9999 -9999
-9999 -9999 -9999 -9999 -9999 -9999 -9999 -9999 -9999 -9999 -9999 -9999 -9999 -9999 -9999 -9999 -9999 -9999 -9999 -9999 -9999 -9999 -9999 -9999 -9999 -9999 -9999 -9999 -9999 -9999 -9999 -9999 -9999 -9999 -9999 -9999 -9999 2488 2468 2498 2574 2527 2513 2622 2581 2453 2499 2565 2637 2738 2728 2797 2873 -9999 -9999 -9999 -9999 -9999 -9999 -9999 -9999 -9999 -9999 -9999 -9999 -9999 -9999 -9999 -9999 -9999 -9999 -9999 -9999 -9999 -9999 -9999 -9999 -9999 -9999 -9999 -9999 -9999 -9999
-9999 -9999 -9999 -9999 -9999 -9999 -9999 -9999 -9999 -9999 -9999 -9999 -9999 -9999 -9999 -9999 -9999 -9999 -9999 -9999 -9999 -9999 -9999 -9999 -9999 -9999 -9999 -9999 -9999 -9999 -9999 -9999 -9999 -9999 2499 2532 2497 2442 2437 2429 2427 2427 2424 2423 2413 2449 2541 2498 2492 2575 2634 2694 2778 -9999 -9999 -9999 -9999 -9999 -9999 -9999 -9999 -9999 -9999 -9999 -9999 -9999 -9999 -9999 -9999 -9999 -9999 -9999 -9999 -9999 -9999 -9999 -9999 -9999 -9999 -9999 -9999 -9999 -9999
-9999 -9999 -9999 -9999 -9999 -9999 -9999 -9999 -9999 -9999 -9999 -9999 -9999 -9999 -9999 -9999 -9999 -9999 -9999 -9999 -9999 -9999 -9999 -9999 -9999 -9999 -9999 -9999 -9999 -9999 -9999 -9999 -9999 -9999 2460 2441 2439 2425 2424 2414 2408 2404 2399 2394 2396 2470 2512 2448 2479 2496 2532 2644 2713 2768 2822 2910 -9999 -9999 -9999 -9999 -9999 -9999 -9999 -9999 -9999 -9999 -9999 -9999 -9999 -9999 -9999 -9999 -9999 -9999 -9999 -9999 -9999 -9999 -9999 -9999 -9999 -9999 -9999
-9999 -9999 -9999 -9999 -9999 -9999 -9999 -9999 -9999 -9999 -9999 -9999 -9999 -9999 -9999 -9999 -9999 -9999 -9999 -9999 -9999 -9999 -9999 -9999 -9999 -9999 -9999 -9999 -9999 -9999 -9999 -9999 -9999 2437 2413 2393 2391 2398 2403 2396 2389 2378 2381 2396 2393 2400 2407 2425 2472 2493 2484 2504 2539 2698 2774 2873 -9999 -9999 2879 2917 2928 2885 2860 2906 -9999 -9999 -9999 -9999 -9999 -9999 -9999 -9999 -9999 -9999 -9999 -9999 -9999 -9999 -9999 -9999 -9999 -9999 -9999
-9999 -9999 -9999 -9999 -9999 -9999 -9999 -9999 -9999 -9999 -9999 -9999 -9999 -9999 -9999 -9999 -9999 -9999 -9999 -9999 -9999 -9999 -9999 -9999 -9999 -9999 -9999 -9999 -9999 -9999 -9999 -9999 -9999 2439 2411 2385 2383 2391 2394 2389 2383 2377 2381 2452 2457 2408 2404 2420 2441 2470 2456 2486 2524 2622 2721 2819 2903 2899 2809 2795 2872 2887 2889 2893 -9999 -9999 -9999 -9999 -9999 -9999 -9999 -9999 -9999 -9999 -9999 -9999 -9999 -9999 -9999 -9999 -9999 -9999 -9999
-9999 -9999 -9999 -9999 -9999 -9999 -9999 -9999 -9999 -9999 -9999 -9999 -9999 -9999 -9999 -9999 -9999 -9999 -9999 -9999 -9999 -9999 -9999 -9999 -9999 -9999 -9999 -9999 -9999 -9999 -9999 -9999 -9999 2444 2414 2383 2378 2382 2386 2380 2377 2376 2377 2501 2548 2474 2425 2430 2433 2439 2450 2482 2513 2610 2685 2775 2891 2822 2769 2788 2798 2812 2797 2807 -9999 -9999 -9999 -9999 -9999 -9999 -9999 -9999 -9999 -9999 -9999 -9999 -9999 -9999 -9999 -9999 -9999 -9999 -9999
-9999 -9999 -9999 -9999 -9999 -9999 -9999 -9999 -9999 -9999 -9999 -9999 -9999 -9999 -9999 -9999 -9999 -9999 -9999 -9999 -9999 -9999 -9999 -9999 -9999 -9999 -9999 -9999 -9999 -9999 -9999 -9999 -9999 2449 2423 2388 2375 2370 2369 2368 2373 2369 2371 2401 2426 2559 2508 2423 2422 2447 2466 2503 2534 2681 2822 2905 2937 2854 2714 2714 2669 2686 2671 2716 2737 2764 2771 2770 -9999 -9999 -9999 -9999 -9999 -9999 -9999 -9999 -9999 -9999 -9999 -9999 -9999 -9999 -9999
-9999 -9999 -9999 -9999 -9999 -9999 -9999 -9999 -9999 -9999 -9999 -9999 -9999 -9999 -9999 -9999 -9999 -9999 -9999 -9999 -9999 -9999 -9999 -9999 -9999 -9999 -9999 -9999 -9999 -9999 -9999 2547 2529 2447 2427 2395 2376 2370 2365 2364 2367 2366 2368 2384 2406 2535 2503 2429 2425 2456 2495 2522 2570 2711 2722 2836 2857 2890 2706 2653 2718 2678 2604 2653 2667 2698 2737 2766 -9999 -9999 -9999 -9999 -9999 -9999 -9999 -9999 -9999 -9999 -9999 -9999 -9999 -9999 -9999
-9999 -9999 -9999 -9999 -9999 -9999 -9999 -9999 -9999 -9999 -9999 -9999 -9999 -9999 -9999 -9999 -9999 -9999 -9999 -9999 -9999 -9999 -9999 -9999 2770 2702 2667 2642 2560 2561 2500 2462 2449 2418 2406 2388 2371 2360 2358 2368 2370 2362 2364 2368 2388 2469 2448 2446 2446 2503 2528 2619 2597 2531 2604 2623 2648 2755 2587 2558 2750 2663 2584 2538 2633 2647 2729 2811 2898 -9999 -9999 -9999 -9999 -9999 -9999 -9999 -9999 -9999 -9999 -9999 -9999 -9999 -9999
-9999 -9999 -9999 -9999 -9999 -9999 -9999 -9999 -9999 -9999 -9999 -9999 -9999 -9999 -9999 -9999 -9999 -9999 -9999 -9999 -9999 -9999 -9999 -9999 2728 2679 2626 2588 2529 2505 2482 2444 2431 2406 2396 2377 2368 2358 2360 2369 2376 2373 2361 2365 2379 2418 2444 2487 2462 2520 2543 2528 2525 2492 2500 2511 2541 2610 2499 2541 2650 2605 2492 2569 2575 2563 2655 2731 2888 2877 -9999 -9999 -9999 -9999 -9999 -9999 -9999 -9999 -9999 -9999 -9999 -9999 -9999
-9999 -9999 -9999 -9999 -9999 -9999 -9999 -9999 -9999 -9999 -9999 -9999 -9999 -9999 -9999 -9999 -9999 -9999 -9999 -9999 -9999 -9999 -9999 -9999 2591 2596 2608 2588 2535 2507 2472 2435 2421 2396 2387 2372 2365 2362 2359 2374 2374 2360 2356 2361 2370 2449 2485 2433 2417 2422 2431 2439 2441 2439 2442 2447 2455 2487 2453 2492 2455 2472 2502 2506 2546 2577 2636 2694 2825 2843 -9999 -9999 -9999 -9999 -9999 -9999 -9999 -9999 -9999 -9999 -9999 -9999 -9999
-9999 -9999 -9999 -9999 -9999 -9999 -9999 -9999 -9999 -9999 -9999 -9999 -9999 -9999 -9999 -9999 -9999 -9999 -9999 -9999 -9999 -9999 2650 2667 2593 2562 2570 2583 2524 2495 2466 2426 2414 2398 2379 2370 2366 2360 2357 2360 2365 2356 2354 2369 2375 2398 2407 2409 2414 2403 2409 2418 2422 2423 2425 2423 2419 2437 2435 2443 2477 2502 2556 2557 2564 2602 2789 2778 2815 2828 2858 -9999 -9999 -9999 -9999 -9999 -9999 -9999 -9999 -9999 -9999 -9999 -9999
-9999 -9999 -9999 -9999 -9999 -9999 -9999 -9999 -9999 -9999 -9999 -9999 -9999 -9999 -9999 -9999 2699 2647 2635 -9999 2686 2650 2602 2587 2534 2520 2519 2521 2488 2470 2463 2409 2397 2385 2379 2367 2363 2356 2353 2351 2353 2354 2348 2364 2377 2370 2370 2391 2426 2389 2387 2389 2388 2404 2408 2418 2435 2443 2465 2481 2529 2560 2592 2640 2649 2681 2728 2745 2771 2793 2794 2811 -9999 -9999 -9999 -9999 -9999 -9999 -9999 -9999 -9999 -9999 -9999
-9999 -9999 -9999 -9999 -9999 -9999 -9999 -9999 -9999 -9999 -9999 -9999 -9999 -9999 -9999 -9999 2663 2634 2623 2661 2684 2652 2612 2595 2544 2512 2483 2491 2460 2446 2454 2406 2399 2384 2377 2364 2363 2356 2350 2350 2349 2349 2349 2350 2355 2361 2364 2379 2409 2381 2380 2386 2399 2409 2416 2433 2449 2457 2478 2501 2592 2620 2601 2625 2659 2653 2694 2695 2725 2734 2745 2811 -9999 -9999 -9999 -9999 -9999 -9999 -9999 -9999 -9999 -9999 -9999
-9999 -9999 -9999 -9999 -9999 -9999 -9999 -9999 -9999 -9999 -9999 -9999 -9999 -9999 -9999 -9999 2678 2636 2588 2585 2576 2577 2569 2538 2529 2512 2490 2479 2479 2475 2442 2431 2439 2386 2368 2360 2354 2350 2347 2346 2345 2347 2345 2346 2348 2355 2357 2363 2367 2371 2376 2390 2396 2422 2440 2463 2516 2516 2520 2557 2612 2558 2541 2542 2566 2579 2585 2613 2659 2659 2639 2664 2802 -9999 -9999 -9999 -9999 -9999 -9999 -9999 -9999 -9999 -9999
-9999 -9999 -9999 -9999 -9999 -9999 -9999 -9999 -9999 -9999 -9999 -9999 -9999 -9999 -9999 -9999 2676 2657 2585 2580 2573 2567 2525 2505 2517 2523 2485 2465 2475 2475 2454 2479 2482 2387 2365 2353 2351 2348 2345 2344 2345 2344 2344 2345 2349 2356 2357 2364 2366 2372 2379 2391 2398 2427 2458 2485 2545 2583 2561 2561 2540 2519 2515 2522 2545 2555 2558 2568 2637 2625 2621 2693 2767 -9999 -9999 -9999 -9999 -9999 -9999 -9999 -9999 -9999 -9999
-9999 -9999 -9999 -9999 -9999 -9999 -9999 -9999 -9999 -9999 -9999 -9999 -9999 -9999 -9999 -9999 2664 2656 2628 2650 2705 2685 2559 2534 2449 2465 2476 2513 2440 2412 2415 2429 2417 2373 2357 2349 2346 2344 2341 2342 2344 2343 2345 2349 2352 2355 2358 2365 2365 2375 2383 2415 2414 2442 2479 2519 2543 2493 2545 2509 2526 2484 2479 2500 2518 2529 2551 2549 2563 2577 2650 2696 -9999 -9999 -9999 -9999 -9999 -9999 -9999 -9999 -9999 -9999 -9999
-9999 -9999 -9999 -9999 -9999 -9999 -9999 -9999 -9999 -9999 -9999 -9999 -9999 -9999 -9999 2617 2644 2633 2681 2692 2707 2671 2574 2533 2426 2437 2464 2476 2433 2401 2391 2392 2384 2364 2356 2346 2344 2342 2341 2341 2342 2342 2345 2351 2352 2353 2354 2364 2364 2393 2394 2446 2431 2443 2470 2511 2487 2461 2465 2465 2494 2454 2496 2560 2575 2590 2578 2576 2574 2614 2649 2688 -9999 -9999 -9999 -9999 -9999 -9999 -9999 -9999 -9999 -9999 -9999
-9999 -9999 -9999 -9999 -9999 -9999 -9999 -9999 -9999 -9999 -9999 -9999 -9999 -9999 2612 2577 2541 2541 2545 2540 2589 2551 2487 2466 2422 2419 2434 2431 2395 2373 2360 2350 2347 2348 2356 2339 2339 2338 2338 2339 2339 2341 2342 2345 2347 2347 2347 2359 2378 2371 2385 2440 2438 2445 2478 2500 2458 2434 2422 2423 2442 2473 2563 2623 2666 2657 2640 2664 2731 2671 2617 2632 -9999 -9999 -9999 -9999 -9999 -9999 -9999 -9999 -9999 -9999 -9999
-9999 -9999 -9999 -9999 -9999 -9999 -9999 -9999 -9999 -9999 -9999 -9999 -9999 -9999 2642 2576 2509 2504 2484 2482 2512 2507 2468 2441 2408 2397 2419 2415 2375 2360 2353 2344 2343 2339 2340 2337 2338 2337 2337 2339 2339 2339 2341 2346 2346 2344 2345 2356 2366 2364 2379 2420 2431 2466 2511 2521 2451 2419 2421 2434 2466 2493 2602 2653 2657 2650 2652 2668 2711 2671 2612 2621 -9999 -9999 -9999 -9999 -9999 -9999 -9999 -9999 -9999 -9999 -9999
-9999 -9999 -9999 -9999 -9999 -9999 -9999 -9999 -9999 -9999 -9999 -9999 -9999 2664 2571 2561 2532 2503 2503 2431 2431 2433 2423 2413 2387 2380 2382 2372 2352 2347 2346 2342 2340 2337 2335 2335 2335 2335 2335 2337 2336 2338 2338 2341 2342 2342 2342 2344 2345 2388 2433 2477 2484 2440 2415 2408 2404 2413 2436 2449 2480 2505 2577 2616 2708 2685 2656 2692 2643 2615 2629 2664 2763 2708 -9999 -9999 -9999 -9999 -9999 -9999 -9999 -9999 -9999
-9999 -9999 -9999 -9999 -9999 -9999 -9999 -9999 -9999 -9999 -9999 -9999 2860 2818 2597 2525 2506 2508 2507 2454 2412 2415 2406 2396 2383 2373 2365 2361 2352 2349 2346 2341 2340 2335 2334 2333 2334 2334 2335 2335 2336 2337 2339 2339 2340 2341 2344 2344 2345 2413 2443 2501 2513 2445 2413 2399 2399 2408 2434 2450 2491 2506 2593 2638 2734 2692 2658 2688 2621 2600 2638 2674 2683 2661 -9999 -9999 -9999 -9999 -9999 -9999 -9999 -9999 -9999
-9999 -9999 -9999 -9999 -9999 -9999 -9999 -9999 -9999 -9999 -9999 2714 2669 2669 2519 2482 2440 2452 2499 2501 2415 2396 2387 2385 2371 2369 2362 2359 2353 2349 2346 2340 2339 2334 2332 2331 2332 2333 2333 2333 2335 2336 2336 2338 2340 2343 2343 2344 2348 2413 2446 2484 2488 2440 2405 2391 2391 2400 2432 2458 2618 2685 2639 2681 2636 2622 2614 2608 2591 2591 2605 2617 2633 2632 2697 2721 2715 -9999 -9999 -9999 -9999 -9999 -9999
-9999 -9999 -9999 -9999 -9999 -9999 -9999 -9999 -9999 -9999 2784 2638 2533 2553 2506 2458 2425 2461 2521 2500 2411 2402 2396 2404 2367 2365 2359 2356 2351 2347 2344 2340 2337 2334 2331 2331 2331 2332 2331 2334 2334 2335 2335 2339 2339 2344 2346 2348 2350 2385 2438 2476 2478 2439 2396 2387 2388 2397 2437 2495 2691 2653 2620 2634 2618 2604 2614 2610 2585 2600 2610 2618 2625 2633 2644 2652 2679 -9999 -9999 -9999 -9999 -9999 -9999
-9999 -9999 -9999 -9999 -9999 -9999 -9999 -9999 -9999 -9999 2669 2643 2519 2474 2440 2429 2403 2437 2519 2467 2424 2443 2395 2378 2361 2359 2355 2353 2346 2344 2341 2337 2334 2332 2330 2333 2340 2333 2331 2331 2333 2334 2335 2339 2342 2346 2346 2351 2353 2368 2378 2409 2421 2397 2381 2384 2399 2404 2469 2565 2583 2571 2574 2580 2610 2632 2576 2578 2589 2599 2641 2648 2622 2617 2612 2612 2604 2598 -9999 -9999 -9999 -9999 -9999
-9999 -9999 -9999 -9999 -9999 -9999 2544 -9999 -9999 -9999 2693 2579 2556 2494 2430 2416 2392 2407 2455 2433 2418 2456 2401 2384 2358 2355 2353 2354 2343 2341 2339 2334 2335 2330 2330 2353 2368 2344 2338 2333 2333 2335 2342 2348 2354 2347 2349 2354 2353 2357 2360 2376 2379 2375 2378 2388 2413 2418 2438 2489 2558 2555 2562 2562 2568 2566 2580 2582 2600 2624 2622 2624 2615 2613 2606 2605 2595 2588 2596 2605 2613 2693 2682
-9999 -9999 -9999 -9999 -9999 -9999 2466 2485 2543 2554 2616 2527 2484 2519 2435 2404 2380 2391 2419 2429 2379 2374 2366 2361 2355 2348 2344 2342 2339 2338 2335 2333 2332 2329 2329 2352 2379 2388 2391 2378 2351 2344 2370 2394 2414 2403 2381 2380 2368 2360 2361 2365 2368 2372 2377 2389 2426 2438 2467 2529 2515 2521 2533 2527 2550 2557 2580 2593 2640 2624 2597 2603 2633 2626 2601 2594 2597 2603 2609 2617 2625 2656 2724
-9999 -9999 -9999 -9999 -9999 2499 2445 2466 2504 2543 2677 2526 2437 2436 2401 2387 2372 2375 2401 2461 2392 2366 2351 2346 2346 2343 2341 2338 2337 2336 2334 2331 2329 2327 2328 2347 2374 2380 2406 2370 2350 2354 2377 2405 2442 2453 2430 2431 2389 2361 2362 2364 2365 2374 2383 2394 2428 2446 2457 2480 2495 2499 2520 2531 2539 2546 2568 2585 2608 2607 2593 2593 2656 2685 2596 2597 2595 2600 2619 2633 2644 2678 2697
-9999 2470 2437 2473 2484 2452 2456 2534 2682 2681 2520 2456 2403 2395 2391 2374 2358 2358 2374 2417 2412 2359 2341 2337 2338 2337 2335 2334 2333 2333 2332 2329 2326 2328 2328 2341 2350 2362 2375 2368 2370 2380 2388 2482 2510 2516 2487 2441 2406 2368 2362 2366 2376 2399 2409 2420 2446 2447 2479 2493 2513 2514 2518 2516 2537 2556 2575 2590 2624 2623 2592 2589 2588 2590 2598 2608 2611 2620 2647 2658 2668 2743 2771
