data/rastert_dem1.asc
ncols         215
nrows         184
xllcorner     -99.52151495306
yllcorner     19.053558723045
cellsize      0.006167
NODATA_value  -9999
[rows 111 to 147 of 184, columns 83 to 165 of 215]
2234 2235 2236 2235 2236 2236 2236 2237 2236 2236 2236 2236 2235 2236 2237 2240 2240 2243 2248 2250 2253 2255 2276 2290 2318 2328 2342 2363 2376 2364 2395 2487 2511 2481 2513 2573 2580 2616 2645 2686 2742 2870 2968 3178 3199 3145 3113 3076 3116 3123 3139 3191 3218 3146 3193 3276 3245 3199 3077 3126 3065 3048 3071 3029 2985 2952 2925 2897 2834 2808 2813 2815 2784 2783 2773 2752 2730 2712 2692 2683 2677 2658 2652
2236 2236 2236 2235 2235 2236 2236 2236 2235 2236 2236 2236 2235 2236 2238 2238 2241 2243 2250 2253 2255 2257 2279 2292 2323 2337 2347 2363 2401 2410 2397 2537 2551 2497 2551 2590 2599 2639 2657 2718 2830 2908 3040 3196 3212 3190 3232 3111 3134 3181 3202 3286 3303 3175 3240 3304 3350 3249 3137 3151 3122 3076 3095 3066 2997 2950 2915 2896 2867 2837 2839 2849 2816 2807 2767 2748 2719 2719 2740 2685 2669 2663 2674
2234 2233 2235 2235 2235 2235 2236 2236 2234 2236 2236 2236 2236 2237 2238 2239 2242 2244 2249 2252 2259 2260 2284 2298 2323 2340 2363 2370 2395 2416 2435 2494 2529 2514 2548 2610 2630 2646 2683 2750 2851 2992 3058 3139 3206 3253 3273 3123 3149 3224 3235 3364 3390 3296 3349 3400 3354 3241 3183 3133 3105 3132 3113 3081 2985 2975 2922 2918 2890 2871 2855 2843 2811 2797 2766 2747 2724 2725 2723 2690 2675 2693 2673
2235 2235 2234 2234 2235 2235 2236 2237 2234 2236 2236 2236 2237 2236 2239 2240 2245 2245 2250 2254 2261 2268 2287 2298 2322 2341 2373 2387 2422 2436 2454 2453 2472 2501 2541 2577 2603 2680 2721 2908 2918 3020 3044 3106 3169 3360 3354 3227 3236 3313 3271 3392 3471 3385 3464 3536 3486 3394 3314 3220 3171 3133 3083 3058 2985 2957 2914 2896 2868 2846 2815 2809 2788 2771 2753 2738 2754 2711 2686 2679 2700 2757 2751
2235 2234 2234 2234 2235 2235 2236 2233 2233 2234 2236 2236 2237 2236 2237 2237 2243 2243 2249 2253 2261 2268 2286 2296 2326 2333 2361 2378 2427 2450 2469 2492 2501 2514 2527 2597 2626 2720 2738 2966 3014 3026 3087 3163 3213 3346 3378 3348 3319 3362 3311 3413 3456 3473 3508 3562 3542 3400 3336 3234 3176 3134 3212 3202 3102 -9999 2923 2899 2878 2866 2850 2813 2772 2763 2748 2742 2809 2771 2706 2697 2723 2776 2764
2235 2235 2235 2233 2233 2233 2233 2233 2233 2233 2238 2236 2235 2236 2233 2236 2239 2242 2249 2250 2264 2276 2301 2306 2333 2349 2374 2392 2442 2466 2484 2520 2545 2585 2600 2621 2653 2755 2827 2888 2952 3067 3122 3168 3236 3466 3562 3593 3585 3516 3420 3453 3503 3571 3601 3558 3448 3393 3341 3291 3259 3273 -9999 -9999 -9999 -9999 -9999 -9999 2869 2846 2821 2810 2812 2809 2808 2832 2948 2886 2827 2773 -9999 -9999 -9999
2234 2235 2235 2233 2233 2233 2233 2233 2233 2233 2236 2237 2236 2237 2236 2237 2241 2243 2249 2251 2270 2279 2305 2319 2335 2358 2383 2405 2446 2476 2500 2535 2562 2605 2626 2660 2689 2790 2892 2957 2932 3035 3132 3256 3269 3526 3607 3656 3666 3540 3462 3423 3504 3595 3630 3553 3454 3412 3395 3386 3327 3295 -9999 -9999 -9999 -9999 -9999 -9999 -9999 -9999 2830 2828 2808 2802 2864 2864 2926 2890 -9999 -9999 -9999 -9999 -9999
2236 2235 2237 2235 2233 2233 2235 2235 2238 2237 2238 2235 2236 2236 2236 2239 2247 2249 2253 2255 2277 2291 2315 2328 2348 2359 2378 2412 2453 2480 2508 2562 2596 2636 2664 2734 2778 2801 2831 3014 3111 3150 3180 3337 3442 3471 3534 3673 3738 3552 3630 3580 3471 3670 3630 3619 3555 3487 -9999 -9999 -9999 -9999 -9999 -9999 -9999 -9999 -9999 -9999 -9999 -9999 -9999 -9999 3007 2967 2927 -9999 -9999 -9999 -9999 -9999 -9999 -9999 -9999
2233 2234 2233 2235 2233 2236 2237 2237 2238 2237 2237 2236 2237 2236 2239 2242 2248 2252 2257 2260 2283 2296 2317 2323 2350 2367 2397 2406 2456 2477 2506 2561 2581 2640 2676 2743 2812 2912 2884 2936 3074 3238 3276 3395 3466 3565 3596 3669 3757 3580 3696 3597 3501 3712 3723 3691 3627 -9999 -9999 -9999 -9999 -9999 -9999 -9999 -9999 -9999 -9999 -9999 -9999 -9999 -9999 -9999 -9999 -9999 -9999 -9999 -9999 -9999 -9999 -9999 -9999 -9999 -9999
2232 2233 2235 2234 2235 2237 2238 2237 2238 2238 2238 2236 2236 2237 2242 2245 2254 2255 2263 2267 2277 2282 2299 2316 2353 2373 2425 2440 2461 2481 2515 2582 2606 2697 2723 2831 2898 2959 2960 3041 3096 3284 3374 3509 3562 3622 3669 3786 3788 3650 3691 3636 3663 3739 -9999 -9999 -9999 -9999 -9999 -9999 -9999 -9999 -9999 -9999 -9999 -9999 -9999 -9999 -9999 -9999 -9999 -9999 -9999 -9999 -9999 -9999 -9999 -9999 -9999 -9999 -9999 -9999 -9999
2230 2233 2234 2235 2235 2236 2238 2239 2238 2238 2238 2238 2237 2237 2240 2244 2252 2253 2260 2264 2275 2280 2295 2312 2359 2382 2457 2481 2485 2497 2503 2558 2633 2704 2752 2910 2980 3059 3016 3047 3079 3325 3407 3550 3624 3692 3743 3792 3826 3694 3727 3699 3739 -9999 -9999 -9999 -9999 -9999 -9999 -9999 -9999 -9999 -9999 -9999 -9999 -9999 -9999 -9999 -9999 -9999 -9999 -9999 -9999 -9999 -9999 -9999 -9999 -9999 -9999 -9999 -9999 -9999 -9999
2234 2230 2233 2235 2236 2237 2237 2238 2238 2238 2237 2238 2237 2238 2238 2241 2249 2252 2258 2265 2271 2282 2314 2358 2437 2451 2519 2546 2514 2526 2545 2576 2598 2758 2837 3026 3166 3337 3290 3384 3318 3330 3420 3643 3695 3794 3848 3887 3877 -9999 -9999 -9999 -9999 -9999 -9999 -9999 -9999 -9999 -9999 -9999 -9999 -9999 -9999 -9999 -9999 -9999 -9999 -9999 -9999 -9999 -9999 -9999 -9999 -9999 -9999 -9999 -9999 -9999 -9999 -9999 -9999 -9999 -9999
2232 2230 2229 2235 2236 2236 2238 2238 2237 2238 2238 2237 2238 2237 2238 2243 2248 2251 2259 2264 2272 2281 2309 2327 2405 2447 2511 2529 2566 2571 2572 2588 2668 2778 2809 2980 3135 3361 3458 3476 3450 3374 3477 3680 3737 3838 3893 3932 -9999 -9999 -9999 -9999 -9999 -9999 -9999 -9999 -9999 -9999 -9999 -9999 -9999 -9999 -9999 -9999 -9999 -9999 -9999 -9999 -9999 -9999 -9999 -9999 -9999 -9999 -9999 -9999 -9999 -9999 -9999 -9999 -9999 -9999 -9999
2237 2236 2229 2235 2235 2236 2265 2302 2311 2288 2247 2240 2238 2238 2240 2243 2246 2249 2256 2259 2264 2278 2326 2349 2361 2363 2414 2434 2478 2528 2551 2631 2633 2732 2825 2915 2968 3125 3296 3384 3396 3502 3557 3699 3747 3885 3967 -9999 -9999 -9999 -9999 -9999 -9999 -9999 -9999 -9999 -9999 -9999 -9999 -9999 -9999 -9999 -9999 -9999 -9999 -9999 -9999 -9999 -9999 -9999 -9999 -9999 -9999 -9999 -9999 -9999 -9999 -9999 -9999 -9999 -9999 -9999 -9999
2236 2235 2236 2236 2236 2237 2284 2340 2370 2334 2253 2245 2238 2238 2242 2244 2247 2249 2257 2257 2263 2284 2338 2362 2392 2404 2398 2434 2518 2531 2547 2608 2661 2686 2753 2923 2964 3087 3146 3305 3373 3502 3573 3711 3767 3895 3951 4078 -9999 -9999 -9999 -9999 -9999 -9999 -9999 -9999 -9999 -9999 -9999 -9999 -9999 -9999 -9999 -9999 -9999 -9999 -9999 -9999 -9999 -9999 -9999 -9999 -9999 -9999 -9999 -9999 -9999 -9999 -9999 -9999 -9999 -9999 -9999
2236 2237 2237 2237 2237 2240 2337 2398 2385 2333 2264 2253 2245 2245 2245 2247 2252 2253 2259 2263 2271 2282 2306 2320 2348 2374 2449 2479 2524 2557 2581 2639 2662 2720 2757 2830 2905 2947 2996 3182 3238 3398 3491 3622 3714 3814 3868 -9999 -9999 -9999 -9999 -9999 -9999 -9999 -9999 -9999 -9999 -9999 -9999 -9999 -9999 -9999 -9999 -9999 -9999 -9999 -9999 -9999 -9999 -9999 -9999 -9999 -9999 -9999 -9999 -9999 -9999 -9999 -9999 -9999 -9999 -9999 -9999
2235 2236 2236 2235 2235 2239 2317 2368 2435 2367 2285 2271 2247 2246 2246 2249 2253 2256 2261 2264 2274 2280 2298 2315 2363 2392 2426 2443 2482 2523 2558 2618 2632 2729 2782 2854 2898 3067 3019 3054 3103 3505 3516 3540 3627 3727 3762 -9999 -9999 -9999 -9999 -9999 -9999 -9999 -9999 -9999 -9999 -9999 -9999 -9999 -9999 -9999 -9999 -9999 -9999 -9999 -9999 -9999 -9999 -9999 -9999 -9999 -9999 -9999 -9999 -9999 -9999 -9999 -9999 -9999 -9999 -9999 -9999
2235 2236 2235 2236 2236 2237 2253 2262 2416 2384 2294 2266 2253 2256 2281 2300 2306 2293 2273 2272 2277 2283 2299 2311 2333 2347 2395 2415 2442 2459 2515 2604 2647 2681 2750 2846 2894 3030 3130 3327 3290 3396 3581 3705 3677 3642 3660 -9999 -9999 -9999 -9999 -9999 -9999 -9999 -9999 -9999 -9999 -9999 -9999 -9999 -9999 -9999 -9999 -9999 -9999 -9999 -9999 -9999 -9999 -9999 -9999 -9999 -9999 -9999 -9999 -9999 -9999 -9999 -9999 -9999 -9999 -9999 -9999
2234 2236 2235 2235 2236 2237 2238 2241 2284 2292 2285 2266 2264 2282 2328 2363 2367 2337 2299 2286 2279 2283 2312 2321 2355 2370 2410 2425 2468 2524 2561 2637 2662 2720 2734 2790 2835 2959 3027 3321 3467 3534 3626 3685 3728 3713 3662 -9999 -9999 -9999 -9999 -9999 -9999 -9999 -9999 -9999 -9999 -9999 -9999 -9999 -9999 -9999 -9999 -9999 -9999 -9999 -9999 -9999 -9999 -9999 -9999 -9999 -9999 -9999 -9999 -9999 -9999 -9999 -9999 -9999 -9999 -9999 -9999
2234 2235 2235 2236 2237 2236 2236 2238 2239 2243 2251 2267 2319 2323 2365 2399 2446 2421 2325 2315 2316 2335 2348 2373 2358 2377 2424 2446 2489 2511 2532 2597 2632 2706 2747 2833 2891 2932 2981 3104 3229 3371 3559 3708 3781 3805 3822 -9999 -9999 -9999 -9999 -9999 -9999 -9999 -9999 -9999 -9999 -9999 -9999 -9999 -9999 -9999 -9999 -9999 -9999 -9999 -9999 -9999 -9999 -9999 -9999 -9999 -9999 -9999 -9999 -9999 -9999 -9999 -9999 -9999 -9999 -9999 -9999
2234 2234 2234 2236 2237 2237 2236 2237 2238 2239 2253 2268 2358 2375 2391 2400 2409 2406 2347 2379 2448 2387 2320 2332 2358 2377 2420 2442 2477 2498 2513 2555 2589 2659 2680 2765 2833 2927 3051 3168 3241 3481 3595 3659 3700 3789 3907 -9999 -9999 -9999 -9999 -9999 -9999 -9999 -9999 -9999 -9999 -9999 -9999 -9999 -9999 -9999 -9999 -9999 -9999 -9999 -9999 -9999 -9999 -9999 -9999 -9999 -9999 -9999 -9999 -9999 -9999 -9999 -9999 -9999 -9999 -9999 -9999
2239 2236 2237 2239 2237 2237 2238 2239 2239 2243 2264 2304 2357 2377 2456 2429 2431 2402 2456 2514 2412 2415 2374 2321 2346 2363 2395 2422 2470 2497 2520 2540 2557 2628 2664 2802 2854 2944 3000 3157 3248 3402 3495 3658 3709 3846 3927 -9999 -9999 -9999 -9999 -9999 -9999 -9999 -9999 -9999 -9999 -9999 -9999 -9999 -9999 -9999 -9999 -9999 -9999 -9999 -9999 -9999 -9999 -9999 -9999 -9999 -9999 -9999 -9999 -9999 -9999 -9999 -9999 -9999 -9999 -9999 -9999
2243 2239 2238 2239 2238 2239 2239 2240 2242 2248 2280 2334 2422 2428 2477 2447 2477 2443 2496 2486 2364 2348 2335 2312 2330 2350 2402 2424 2460 2478 2474 2526 2550 2642 2692 2734 2816 2975 3038 3218 3309 3525 3591 3595 3694 3785 3844 -9999 -9999 -9999 -9999 -9999 -9999 -9999 -9999 -9999 -9999 -9999 -9999 -9999 -9999 -9999 -9999 -9999 -9999 -9999 -9999 -9999 -9999 -9999 -9999 -9999 -9999 -9999 -9999 -9999 -9999 -9999 -9999 -9999 -9999 -9999 -9999
2249 2261 2258 2247 2250 2248 2249 2249 2247 2264 2339 2381 2514 2549 2550 2525 2535 2601 2522 2423 2324 2308 2293 2294 2309 2324 2368 2392 2404 2414 2435 2477 2516 2658 2729 2742 2742 2876 2962 3039 3083 3224 3296 3508 3537 3600 3653 -9999 -9999 -9999 -9999 -9999 -9999 -9999 -9999 -9999 -9999 -9999 -9999 -9999 -9999 -9999 -9999 -9999 -9999 -9999 -9999 -9999 -9999 -9999 -9999 -9999 -9999 -9999 -9999 -9999 -9999 -9999 -9999 -9999 -9999 -9999 -9999
2268 2281 2276 2261 2262 2255 2255 2249 2247 2265 2353 2394 2519 2577 2623 2585 2551 2621 2484 2428 2325 2305 2289 2289 2301 2311 2353 2363 2418 2443 2456 2490 2506 2572 2642 2703 2741 2809 2889 3041 3179 3290 3399 3486 3519 3484 3553 -9999 -9999 -9999 -9999 -9999 -9999 -9999 -9999 -9999 -9999 -9999 -9999 -9999 -9999 -9999 -9999 -9999 -9999 -9999 -9999 -9999 -9999 -9999 -9999 -9999 -9999 -9999 -9999 -9999 -9999 -9999 -9999 -9999 -9999 -9999 -9999
2305 2333 2335 2334 2335 2305 2429 2357 2250 2253 2325 2383 2505 2569 2610 2570 2484 2502 2456 2409 2351 2325 2280 2281 2290 2302 2338 2358 2397 2424 2455 2488 2520 2575 2601 2693 2733 3008 3049 3100 3158 3261 3307 3479 3551 3319 3345 3340 -9999 -9999 -9999 -9999 -9999 -9999 -9999 -9999 -9999 -9999 -9999 -9999 -9999 -9999 -9999 -9999 -9999 -9999 -9999 -9999 -9999 -9999 -9999 -9999 -9999 -9999 -9999 -9999 -9999 -9999 -9999 -9999 -9999 -9999 -9999
2330 2383 2385 2373 2350 2322 2349 2294 2250 2252 2324 2383 2467 2504 2559 2520 2431 2450 2480 2416 2329 2294 2276 2276 2282 2295 2332 2353 2393 2412 2425 2488 2509 2561 2606 2695 2797 2958 3011 3079 3121 3242 3289 3436 3488 3291 3264 3265 -9999 -9999 -9999 -9999 -9999 -9999 -9999 -9999 -9999 -9999 -9999 -9999 -9999 -9999 -9999 -9999 -9999 -9999 -9999 -9999 -9999 -9999 -9999 -9999 -9999 -9999 -9999 -9999 -9999 -9999 -9999 -9999 -9999 -9999 -9999
2374 2426 2428 2406 2367 2336 2339 2317 2251 2250 2284 2333 2404 2439 2482 2471 2400 2416 2418 2349 2325 2287 2271 2271 2278 2289 2325 2343 2400 2421 2449 2530 2573 2599 2630 2707 2808 2911 2936 3006 3089 3231 3250 3371 3409 3272 3230 3218 3242 -9999 -9999 -9999 -9999 -9999 -9999 -9999 -9999 -9999 -9999 -9999 -9999 -9999 -9999 -9999 -9999 -9999 -9999 -9999 -9999 -9999 -9999 -9999 -9999 -9999 -9999 -9999 -9999 -9999 -9999 -9999 -9999 -9999 -9999
2516 2683 2576 2448 2387 2340 2277 2257 2242 2239 2252 2280 2294 2340 2376 2361 2352 2300 2329 2307 2259 2260 2265 2264 2271 2280 2317 2342 2383 2392 2407 2430 2483 2568 2615 2614 2644 2714 2777 2868 2919 3048 3112 3188 3235 3222 3191 3245 3287 -9999 -9999 -9999 -9999 -9999 -9999 -9999 -9999 -9999 -9999 -9999 -9999 -9999 -9999 -9999 -9999 -9999 -9999 -9999 -9999 -9999 -9999 -9999 -9999 -9999 -9999 -9999 -9999 -9999 -9999 -9999 -9999 -9999 -9999
2540 2633 2513 2437 2376 2334 2266 2251 2244 2240 2244 2255 2280 2305 2328 2319 2312 2290 2272 2260 2255 2257 2261 2262 2268 2276 2304 2323 2332 2351 2394 2443 2464 2482 2538 2636 2694 2790 2869 2871 2904 2997 3052 3119 3182 3176 3200 3257 3297 -9999 -9999 -9999 -9999 -9999 -9999 -9999 -9999 -9999 -9999 -9999 -9999 -9999 -9999 -9999 -9999 -9999 -9999 -9999 -9999 -9999 -9999 -9999 -9999 -9999 -9999 -9999 -9999 -9999 -9999 -9999 -9999 -9999 -9999
2372 2379 2387 2359 2319 2280 2257 2245 2238 2237 2236 2237 2242 2251 2277 2263 2250 2247 2250 2248 2251 2253 2255 2258 2266 2269 2290 2317 2357 2383 2427 2448 2480 2525 2544 2631 2669 2743 2794 2876 2918 2955 2993 3072 3116 3159 3187 3278 3299 3377 -9999 -9999 -9999 -9999 -9999 -9999 -9999 -9999 -9999 -9999 -9999 -9999 -9999 -9999 -9999 -9999 -9999 -9999 -9999 -9999 -9999 -9999 -9999 -9999 -9999 -9999 -9999 -9999 -9999 -9999 -9999 -9999 -9999
2327 2341 2334 2321 2285 2253 2248 2242 2237 2237 2238 2238 2237 2238 2248 2249 2244 2244 2245 2246 2249 2250 2256 2261 2271 2284 2332 2368 2399 2397 2398 2463 2499 2552 2579 2648 2696 2761 2810 2865 2889 2938 2990 3081 3103 3141 3178 3255 3289 3453 -9999 -9999 -9999 -9999 -9999 -9999 -9999 -9999 -9999 -9999 -9999 -9999 -9999 -9999 -9999 -9999 -9999 -9999 -9999 -9999 -9999 -9999 -9999 -9999 -9999 -9999 -9999 -9999 -9999 -9999 -9999 -9999 -9999
2266 2271 2284 2257 2243 2243 2237 2238 2235 2236 2237 2238 2237 2238 2273 2325 2239 2239 2239 2243 2245 2247 2253 2269 2291 2294 2318 2330 2366 2370 2385 2443 2504 2533 2563 2643 2660 2742 2779 2819 2832 2888 2955 3045 3086 3216 3224 3330 3357 3430 -9999 -9999 -9999 -9999 -9999 -9999 -9999 -9999 -9999 -9999 -9999 -9999 -9999 -9999 -9999 -9999 -9999 -9999 -9999 -9999 -9999 -9999 -9999 -9999 -9999 -9999 -9999 -9999 -9999 -9999 -9999 -9999 -9999
2249 2250 2254 2243 2237 2240 2237 2239 2236 2236 2236 2237 2237 2236 2259 2394 2239 2238 2237 2241 2248 2248 2249 2257 2276 2288 2321 2342 2355 2349 2373 2439 2486 2547 2574 2574 2651 2738 2762 2824 2847 2886 2951 3038 3079 3249 3271 3346 3359 3381 3391 -9999 -9999 -9999 -9999 -9999 -9999 -9999 -9999 -9999 -9999 -9999 -9999 -9999 -9999 -9999 -9999 -9999 -9999 -9999 -9999 -9999 -9999 -9999 -9999 -9999 -9999 -9999 -9999 -9999 -9999 -9999 -9999
2241 2240 2241 2239 2238 2237 2235 2233 2235 2236 2236 2236 2237 2237 2236 2237 2238 2238 2239 2241 2242 2244 2249 2251 2257 2260 2286 2308 2329 2340 2353 2405 2430 2466 2479 2530 2563 2650 2640 2764 2775 2841 2877 2982 3162 3217 3237 3309 3359 3356 3348 -9999 -9999 -9999 -9999 -9999 -9999 -9999 -9999 -9999 -9999 -9999 -9999 -9999 -9999 -9999 -9999 -9999 -9999 -9999 -9999 -9999 -9999 -9999 -9999 -9999 -9999 -9999 -9999 -9999 -9999 -9999 -9999
2239 2239 2239 2237 2237 2236 2233 2233 2235 2235 2236 2236 2237 2236 2236 2237 2237 2238 2238 2239 2242 2243 2246 2251 2254 2257 2278 2291 2324 2343 2333 2381 2382 2418 2436 2482 2498 2622 2640 2764 2846 2853 2868 2953 3008 3192 3284 3332 3349 3331 3329 -9999 -9999 -9999 -9999 -9999 -9999 -9999 -9999 -9999 -9999 -9999 -9999 -9999 -9999 -9999 -9999 -9999 -9999 -9999 -9999 -9999 -9999 -9999 -9999 -9999 -9999 -9999 -9999 -9999 -9999 -9999 -9999
2238 2236 2235 2235 2236 2236 2236 2234 2234 2235 2238 2237 2237 2237 2237 2236 2236 2236 2237 2238 2241 2242 2246 2247 2250 2251 2259 2265 2281 2288 2307 2338 2355 2398 2432 2493 2533 2626 2657 2729 2760 2798 2856 2978 3030 3165 3245 3317 3349 3423 3524 3519 -9999 -9999 -9999 -9999 -9999 -9999 -9999 -9999 -9999 -9999 -9999 -9999 -9999 -9999 -9999 -9999 -9999 -9999 -9999 -9999 -9999 -9999 -9999 -9999 -9999 -9999 -9999 -9999 -9999 -9999 -9999
