data/rastert_dem1.asc
ncols         215
nrows         184
xllcorner     -99.52151495306
yllcorner     19.053558723045
cellsize      0.006167
NODATA_value  -9999
[rows 74 to 110 of 184, columns 0 to 82 of 215]
-9999 -9999 -9999 -9999 -9999 -9999 -9999 -9999 -9999 -9999 -9999 -9999 -9999 -9999 -9999 -9999 -9999 -9999 -9999 -9999 -9999 -9999 -9999 -9999 -9999 -9999 -9999 -9999 -9999 -9999 -9999 -9999 2678 2590 2461 2461 2443 2486 2602 2584 2705 2582 2454 2430 2487 2382 2370 2321 2290 2275 2267 2261 2261 2255 2253 2252 2251 2252 2251 2250 2252 2250 2249 2248 2247 2247 2246 2245 2243 2243 2243 2245 2245 2244 2243 2243 2247 2246 2245 2244 2244 2245 2245
-9999 -9999 -9999 -9999 -9999 -9999 -9999 -9999 -9999 -9999 -9999 -9999 -9999 -9999 -9999 -9999 -9999 -9999 -9999 -9999 -9999 -9999 -9999 -9999 -9999 -9999 -9999 -9999 -9999 -9999 -9999 -9999 2522 2497 2425 2425 2477 2519 2614 2497 2623 2621 2467 2372 2436 2349 2318 2316 2307 2266 2263 2261 2260 2255 2253 2251 2251 2251 2251 2251 2250 2248 2249 2250 2247 2248 2246 2245 2242 2242 2242 2244 2244 2244 2244 2243 2247 2246 2244 2244 2245 2245 2246
-9999 -9999 -9999 -9999 -9999 -9999 -9999 -9999 -9999 -9999 -9999 -9999 -9999 -9999 -9999 -9999 -9999 -9999 -9999 -9999 -9999 -9999 -9999 -9999 -9999 -9999 -9999 -9999 -9999 2473 2567 2578 2472 2428 2425 2396 2375 2404 2417 2427 2509 2403 2442 2329 2330 2310 2307 2278 2292 2265 2262 2262 2260 2254 2255 2252 2251 2251 2250 2252 2252 2259 2269 2277 2266 2253 2251 2251 2246 2244 2243 2244 2244 2244 2244 2244 2245 2245 2242 2244 2245 2246 2244
-9999 -9999 -9999 -9999 -9999 -9999 -9999 -9999 -9999 -9999 -9999 -9999 -9999 -9999 -9999 -9999 -9999 -9999 -9999 -9999 -9999 -9999 -9999 -9999 -9999 -9999 -9999 -9999 2451 2435 2465 2484 2477 2407 2430 2440 2356 2373 2384 2386 2424 2379 2359 2324 2304 2283 2289 2270 2271 2265 2263 2259 2258 2254 2254 2252 2252 2251 2250 2250 2258 2286 2311 2318 2301 2272 2269 2282 2245 2244 2244 2244 2243 2244 2243 2244 2244 2244 2242 2245 2244 2245 2246
-9999 -9999 -9999 -9999 -9999 -9999 -9999 -9999 -9999 -9999 -9999 -9999 -9999 -9999 -9999 -9999 -9999 -9999 -9999 -9999 -9999 -9999 -9999 -9999 -9999 2463 2460 2465 2426 2401 2413 2406 2428 2383 2373 2348 2355 2337 2358 2374 2403 2321 2301 2308 2287 2274 2270 2269 2268 2263 2262 2260 2259 2256 2255 2255 2254 2251 2251 2251 2255 2280 2307 2326 2323 2316 2312 2298 2244 2243 2245 2245 2245 2245 2243 2243 2244 2243 2243 2244 2244 2245 2244
-9999 -9999 -9999 -9999 -9999 -9999 -9999 -9999 -9999 -9999 -9999 -9999 -9999 -9999 -9999 -9999 -9999 -9999 -9999 -9999 -9999 -9999 -9999 -9999 2453 2463 2425 2455 2442 2418 2391 2387 2404 2405 2367 2337 2334 2323 2342 2335 2336 2313 2304 2285 2279 2273 2273 2271 2273 2265 2262 2259 2258 2256 2256 2255 2255 2253 2253 2250 2254 2285 2312 2329 2297 2292 2299 2262 2244 2244 2245 2245 2243 2245 2244 2244 2243 2244 2244 2244 2244 2244 2244
-9999 -9999 -9999 -9999 -9999 -9999 -9999 -9999 -9999 -9999 -9999 -9999 -9999 -9999 -9999 -9999 -9999 -9999 -9999 -9999 -9999 -9999 2529 2493 2503 2481 2465 2445 2404 2392 2409 2391 2378 2368 2370 2359 2337 2321 2309 2300 2300 2294 2283 2294 2288 2275 2273 2272 2271 2266 2263 2262 2260 2258 2258 2255 2254 2251 2251 2249 2255 2280 2282 2279 2257 2251 2249 2246 2243 2244 2242 2244 2243 2243 2243 2245 2245 2246 2245 2244 2245 2244 2245
-9999 -9999 -9999 -9999 -9999 -9999 -9999 -9999 -9999 -9999 -9999 -9999 -9999 -9999 -9999 -9999 -9999 -9999 -9999 -9999 -9999 2549 2515 2515 2483 2469 2444 2433 2402 2411 2407 2412 2395 2395 2379 2370 2364 2348 2337 2310 2301 2289 2287 2306 2295 2277 2273 2268 2268 2266 2266 2263 2261 2257 2257 2254 2253 2253 2252 2250 2255 2263 2265 2260 2251 2249 2244 2244 2243 2244 2245 2244 2243 2243 2244 2244 2246 2245 2245 2246 2246 2245 2245
-9999 -9999 -9999 -9999 -9999 -9999 -9999 -9999 -9999 -9999 -9999 -9999 -9999 -9999 -9999 -9999 -9999 -9999 -9999 2601 2567 2567 2579 2556 2519 2492 2462 2463 2456 2459 2431 2411 2384 2378 2359 2349 2324 2318 2327 2310 2311 2329 2316 2290 2283 2285 2280 2292 2277 2269 2268 2263 2261 2257 2258 2258 2258 2252 2252 2252 2251 2253 2254 2256 2249 2249 2245 2242 2243 2244 2246 2246 2244 2241 2244 2244 2244 2245 2247 2247 2246 2248 2251
-9999 -9999 -9999 -9999 -9999 -9999 -9999 -9999 -9999 -9999 -9999 -9999 -9999 -9999 -9999 -9999 -9999 -9999 2639 2590 2612 2592 2589 2556 2507 2519 2497 2484 2463 2445 2404 2386 2373 2359 2343 2341 2356 2343 2326 2323 2334 2317 2299 2290 2295 2291 2298 2278 2270 2269 2267 2264 2262 2258 2258 2258 2257 2254 2253 2250 2250 2251 2252 2251 2249 2246 2244 2244 2244 2244 2245 2247 2246 2242 2243 2242 2244 2244 2246 2248 2250 2251 2262
-9999 -9999 -9999 -9999 -9999 -9999 -9999 -9999 -9999 -9999 -9999 -9999 -9999 -9999 -9999 -9999 -9999 -9999 2593 2644 2644 2627 2577 2571 2523 2504 2487 2469 2467 2449 2425 2412 2398 2402 2378 2357 2335 2337 2338 2321 2314 2319 2330 2314 2308 2287 2283 2270 2272 2272 2269 2276 2274 2263 2259 2255 2255 2254 2252 2250 2252 2248 2249 2247 2247 2247 2244 2245 2246 2247 2244 2246 2245 2246 2243 2242 2242 2244 2246 2246 2248 2256 2280
-9999 -9999 -9999 -9999 -9999 -9999 -9999 -9999 -9999 -9999 -9999 -9999 -9999 -9999 -9999 -9999 -9999 2677 2642 2666 2649 2608 2583 2560 2537 2539 2517 2499 2460 2451 2432 2411 2429 2411 2358 2355 2351 2343 2345 2322 2344 2347 2332 2331 2307 2277 2268 2273 2278 2273 2274 2280 2276 2263 2258 2258 2257 2254 2252 2251 2251 2247 2249 2249 2248 2247 2247 2244 2243 2246 2246 2246 2244 2245 2243 2244 2245 2246 2246 2247 2247 2253 2280
-9999 -9999 -9999 -9999 -9999 -9999 -9999 -9999 -9999 -9999 -9999 -9999 -9999 -9999 -9999 -9999 2631 2629 2731 2687 2659 2628 2615 2606 2586 2557 2520 2498 2485 2483 2456 2431 2399 2408 2407 2381 2390 2376 2356 2366 2372 2348 2341 2313 2313 2295 2289 2279 2283 2295 2294 2269 2266 2262 2262 2256 2254 2253 2252 2252 2247 2247 2247 2249 2245 2249 2247 2246 2246 2247 2246 2246 2242 2242 2245 2242 2244 2246 2245 2246 2246 2248 2269
-9999 -9999 -9999 -9999 -9999 -9999 -9999 -9999 -9999 -9999 -9999 -9999 -9999 -9999 -9999 -9999 2632 2650 2703 2671 2650 2648 2646 2615 2572 2553 2528 2526 2497 2494 2444 2434 2427 2411 2381 2370 2402 2374 2381 2382 2375 2356 2353 2322 2327 2287 2276 2289 2286 2299 2283 2270 2274 2277 2269 2257 2254 2253 2251 2252 2248 2248 2246 2248 2246 2249 2247 2244 2246 2246 2246 2246 2242 2242 2243 2242 2244 2244 2246 2245 2244 2246 2254
-9999 -9999 -9999 -9999 -9999 -9999 -9999 -9999 -9999 -9999 -9999 -9999 -9999 -9999 -9999 2689 2639 2708 2678 2697 2618 2605 2589 2571 2594 2584 2549 2544 2494 2484 2466 2461 2424 2418 2388 2397 2397 2378 2366 2370 2384 2367 2359 2336 2312 2282 2290 2292 2304 2282 2277 2288 2288 2280 2267 2256 2254 2252 2252 2251 2250 2249 2247 2248 2247 2249 2247 2245 2248 2246 2246 2246 2241 2241 2242 2242 2244 2243 2243 2243 2244 2245 2249
-9999 -9999 -9999 -9999 -9999 -9999 -9999 -9999 -9999 -9999 -9999 -9999 -9999 -9999 2743 2759 2741 2737 2701 2658 2621 2621 2563 2536 2485 2461 2445 2441 2447 2454 2464 2442 2414 2415 2380 2365 2344 2333 2328 2322 2320 2319 2320 2309 2311 2321 2318 2327 2305 2312 2304 2281 2269 2256 2255 2253 2251 2252 2253 2250 2250 2253 2253 2251 2248 2253 2253 2254 2254 2254 2251 2247 2246 2244 2243 2244 2241 2243 2243 2243 2243 2244 2247
-9999 -9999 -9999 -9999 -9999 -9999 -9999 -9999 -9999 -9999 -9999 -9999 -9999 2817 2770 2753 2768 2762 2670 2661 2664 2632 2580 2557 2496 2463 2452 2430 2414 2414 2414 2407 2398 2383 2363 2357 2354 2360 2363 2343 2328 2312 2311 2313 2344 2340 2348 2341 2328 2298 2283 2267 2262 2256 2255 2254 2253 2254 2252 2251 2251 2257 2258 2255 2263 2269 2260 2262 2261 2263 2259 2251 2248 2245 2244 2246 2241 2242 2243 2243 2242 2243 2246
-9999 -9999 -9999 -9999 -9999 -9999 -9999 -9999 -9999 -9999 -9999 2883 2855 2800 2806 2747 2798 2775 2766 2749 2681 2657 2582 2557 2579 2548 2511 2488 2460 2435 2394 2387 2389 2377 2377 2371 2336 2331 2354 2329 2330 2343 2327 2313 2311 2343 2354 2325 2303 2280 2276 2279 2277 2261 2259 2254 2255 2256 2257 2254 2259 2293 2293 2323 2383 2363 2310 2317 2302 2290 2313 2285 2260 2256 2251 2248 2244 2243 2242 2243 2242 2243 2245
-9999 -9999 -9999 -9999 -9999 -9999 -9999 -9999 -9999 -9999 -9999 2892 2858 2846 2789 2740 2773 2749 2750 2720 2669 2628 2611 2587 2575 2550 2500 2491 2442 2449 2414 2402 2378 2366 2346 2339 2344 2369 2343 2351 2363 2356 2339 2318 2321 2355 2359 2334 2315 2287 2283 2276 2270 2260 2259 2262 2262 2269 2260 2258 2267 2327 2318 2334 2435 2472 2343 2361 2333 2313 2336 2299 2276 2274 2263 2251 2246 2245 2244 2243 2242 2242 2244
-9999 -9999 -9999 -9999 -9999 -9999 -9999 -9999 -9999 -9999 2963 2887 2866 2826 2796 2829 2789 2770 2692 2670 2640 2611 2576 2580 2538 2519 2486 2477 2445 2448 2439 2433 2396 2371 2366 2359 2371 2344 2356 2397 2387 2382 2385 2374 2351 2350 2327 2298 2294 2321 2342 2291 2272 2261 2259 2273 2280 2314 2272 2274 2293 2367 2461 2463 2461 2486 2529 2462 2380 2387 2384 2400 2349 2316 2268 2255 2251 2246 2244 2242 2242 2243 2243
-9999 -9999 -9999 -9999 -9999 -9999 -9999 -9999 -9999 -9999 2953 2852 2818 2807 2851 2855 2806 2768 2693 2666 2628 2615 2594 2576 2585 2558 2494 2498 2480 2432 2412 2402 2378 2377 2389 2390 2359 2370 2388 2379 2364 2381 2389 2374 2367 2333 2311 2301 2292 2303 2332 2357 2345 2271 2261 2312 2291 2333 2285 2280 2307 2371 2456 2598 2527 2541 2617 2510 2415 2454 2478 2547 2400 2372 2300 2273 2254 2248 2243 2244 2243 2242 2243
-9999 -9999 -9999 -9999 -9999 -9999 -9999 -9999 3023 2965 2947 2808 2780 2790 2799 2745 2771 2778 2733 2713 2677 2655 2610 2583 2547 2561 2512 2459 2492 2490 2462 2457 2414 2436 2441 2422 2376 2380 2368 2411 2413 2406 2374 2371 2369 2352 2355 2331 2316 2331 2324 2340 2305 2280 2269 2317 2310 2302 2290 2325 2374 2597 2557 2640 2731 2754 2725 2733 2542 2637 2777 2595 2457 2403 2359 2318 2261 2254 2247 2244 2243 2241 2240
-9999 -9999 -9999 -9999 -9999 -9999 -9999 3170 3049 2988 2897 2882 2816 2752 2716 2737 2710 2714 2743 2714 2657 2669 2634 2605 2546 2546 2488 2469 2520 2510 2465 2433 2429 2454 2421 2404 2423 2413 2385 2412 2398 2414 2401 2399 2390 2378 2349 2338 2338 2372 2349 2341 2322 2295 2271 2271 2279 2307 2306 2342 2390 2633 2717 2710 2818 2887 2857 2752 2667 2718 2710 2571 2438 2427 2454 2321 2272 2259 2246 2245 2243 2241 2237
-9999 3546 3560 3475 3430 3397 3368 3112 3036 2989 2928 2941 2815 2858 2787 2733 2711 2659 2630 2643 2653 2586 2568 2564 2512 2494 2500 2522 2533 2498 2451 2496 2448 2426 2424 2443 2430 2431 2421 2368 2353 2373 2380 2383 2340 2348 2345 2314 2345 2363 2346 2308 2324 2276 2273 2306 2325 2312 2363 2367 2392 2521 2569 2564 2589 2709 2657 2610 2780 2780 2744 2744 2638 2502 2382 2438 2309 2262 2243 2242 2242 2247 2234
-9999 3508 3513 3495 3458 3352 3320 3103 3026 2973 2961 2901 2834 2922 2832 2822 2791 2769 2745 2724 2650 2618 2557 2512 2501 2565 2569 2572 2542 2514 2502 2496 2437 2467 2431 2459 2450 2441 2403 2382 2391 2330 2340 2385 2339 2322 2321 2297 2315 2298 2317 2284 2280 2305 2300 2370 2354 2319 2370 2450 2442 2606 2584 2472 2578 2678 2635 2565 2607 2723 2641 2644 2501 2506 2383 2394 2273 2249 2242 2242 2239 2237 2235
-9999 3487 3490 3448 3359 3236 3205 3107 3137 3094 3061 2934 2895 2964 2885 2860 2862 2786 2749 2724 2649 2611 2632 2640 2582 2587 2619 2584 2522 2499 2490 2479 2502 2481 2475 2489 2456 2437 2425 2476 2471 2384 2335 2315 2333 2290 2291 2276 2274 2317 2277 2271 2263 2285 2316 2515 2422 2360 2398 2541 2647 2587 2452 2381 2494 2528 2647 2549 2436 2412 2420 2558 2479 2413 2314 2281 2254 2248 2241 2243 2238 2236 2233
-9999 -9999 3568 3413 3352 3282 3209 3169 3198 3224 3129 2901 2973 2965 2876 2904 2892 2812 2737 2712 2641 2640 2668 2629 2623 2641 2586 2554 2502 2497 2487 2526 2508 2501 2495 2485 2430 2443 2498 2512 2433 2363 2345 2296 2301 2285 2284 2278 2272 2322 2301 2259 2259 2341 2372 2496 2521 2372 2397 2499 2529 2436 2375 2362 2428 2480 2618 2574 2438 2384 2363 2458 2397 2380 2314 2287 2251 2246 2242 2240 2238 2238 2233
-9999 -9999 -9999 3568 3424 3286 3191 3317 3294 3116 3042 3008 2993 3008 3007 2998 2896 2813 2734 2699 2678 2631 2665 2628 2650 2617 2542 2533 2532 2506 2639 2616 2522 2491 2474 2478 2473 2501 2582 2454 2391 2337 2319 2296 2290 2295 2310 2344 2307 2271 2318 2260 2261 2276 2275 2323 2293 2469 2580 2547 2423 2326 2311 2311 2411 2483 2560 2489 2484 2519 2359 2307 2308 2316 2302 2267 2248 2245 2240 2239 2238 2236 2234
-9999 3561 3630 3549 3398 3265 3251 3378 3320 3169 3075 3070 3058 3067 3050 2996 2832 2793 2702 2743 2678 2647 2653 2635 2617 2586 2584 2568 2519 2573 2686 2661 2521 2514 2527 2509 2535 2551 2590 2453 2379 2324 2314 2324 2302 2282 2296 2428 2374 2264 2294 2263 2260 2257 2257 2265 2270 2369 2482 2378 2318 2316 2296 2303 2421 2541 2560 2491 2372 2396 2363 2297 2282 2306 2263 2253 2244 2241 2238 2237 2237 2236 2235
-9999 3544 3506 3449 3423 3434 3383 3478 3424 3172 3070 3136 3157 3150 3003 3047 2918 2810 2757 2707 2732 2726 2704 2697 2613 2595 2578 2562 2638 2645 2646 2615 2579 2569 2548 2521 2469 2473 2515 2432 2384 2396 2402 2450 2384 2292 2277 2327 2304 2262 2261 2260 2259 2255 2255 2253 2255 2285 2323 2274 2268 2275 2283 2328 2475 2486 2569 2569 2445 2429 2373 2341 2269 2264 2387 2355 2242 2240 2238 2236 2235 2235 2235
-9999 -9999 3597 3497 3480 3546 3445 3492 3421 3174 3115 3180 3230 3131 3115 3099 2896 2848 2765 2736 2776 2719 2733 2686 2649 2623 2592 2553 2657 2669 2661 2635 2600 2583 2540 2507 2439 2452 2494 2424 2451 2454 2433 2425 2402 2297 2276 2320 2309 2266 2262 2259 2257 2255 2254 2252 2252 2302 2352 2261 2263 2271 2295 2349 2446 2392 2507 2657 2418 2347 2380 2379 2262 2259 2286 2256 2242 2240 2236 2236 2235 2235 2237
-9999 -9999 -9999 -9999 -9999 3463 3452 3450 3441 3249 3261 3252 3182 3096 3064 3004 2927 2911 2861 2810 2771 2756 2730 2703 2668 2650 2591 2650 2733 2771 2775 2767 2656 2607 2476 2458 2407 2388 2382 2376 2372 2395 2452 2316 2363 2296 2274 2270 2268 2265 2263 2262 2263 2257 2256 2255 2253 2296 2286 2252 2257 2308 2404 2630 2376 2308 2350 2374 2367 2304 2255 2248 2248 2247 2244 2242 2239 2240 2236 2236 2235 2236 2234
-9999 -9999 -9999 -9999 -9999 3406 3407 3378 3362 3327 3318 3204 3155 3157 3104 3009 3025 3002 2916 2886 2787 2766 2720 2711 2664 2633 2615 2651 2726 2781 2841 2840 2691 2580 2486 2460 2444 2429 2422 2385 2360 2354 2387 2337 2295 2282 2279 2272 2270 2264 2264 2280 2276 2253 2253 2254 2253 2252 2252 2252 2252 2276 2378 2615 2351 2292 2313 2303 2366 2337 2249 2246 2243 2242 2242 2240 2239 2237 2236 2235 2235 2234 2233
-9999 -9999 -9999 -9999 -9999 3534 3500 3383 3340 3455 3451 3316 3292 3223 3124 3049 2963 2920 2865 2820 2758 2741 2727 2721 2678 2664 2668 2671 2650 2657 2731 2685 2596 2516 2484 2455 2485 2492 2443 2423 2416 2388 2334 2316 2306 2322 2314 2291 2297 2297 2287 2259 2254 2251 2248 2249 2249 2247 2246 2247 2247 2259 2308 2337 2268 2262 2259 2254 2264 2264 2242 2240 2240 2240 2239 2239 2237 2236 2236 2236 2236 2235 2234
-9999 -9999 -9999 -9999 -9999 -9999 3501 3394 3411 3413 -9999 3400 3353 3256 3095 3114 2976 2949 2863 2837 2801 2794 2769 2735 2713 2722 2731 2747 2677 2630 2620 2581 2523 2472 2474 2492 2489 2438 2413 2459 2423 2383 2332 2340 2334 2325 2309 2298 2305 2289 2272 2258 2256 2250 2249 2248 2247 2247 2245 2244 2244 2252 2248 2249 2253 2261 2262 2251 2248 2257 2239 2241 2238 2238 2238 2238 2237 2236 2236 2236 2235 2235 2231
-9999 -9999 -9999 -9999 -9999 -9999 -9999 -9999 -9999 -9999 -9999 3402 3425 3425 3360 3263 3106 3038 2968 3020 2954 2884 2944 2825 2992 2918 2851 2808 2725 2654 2583 2539 2555 2564 2552 2512 2452 2506 2500 2437 2465 2387 2370 2377 2359 2314 2312 2286 2270 2261 2258 2254 2251 2250 2250 2249 2248 2246 2245 2245 2245 2246 2244 2242 2261 2348 2423 2292 2240 2239 2236 2237 2238 2236 2237 2238 2237 2235 2235 2234 2235 2235 2237
-9999 -9999 -9999 -9999 -9999 -9999 -9999 -9999 -9999 -9999 -9999 3472 3497 3437 3425 3286 3141 3018 3022 3126 3067 2973 3073 2894 3113 3075 2938 2798 2638 2609 2549 2591 2591 2564 2556 2523 2497 2500 2438 2420 2425 2356 2365 2362 2345 2328 2311 2281 2265 2259 2258 2253 2250 2249 2250 2248 2247 2247 2246 2245 2245 2250 2244 2243 2247 2296 2312 2290 2244 2238 2236 2237 2237 2237 2238 2238 2236 2234 2235 2234 2234 2236 2236
