data/rastert_dem1.asc
ncols         215
nrows         184
xllcorner     -99.52151495306
yllcorner     19.053558723045
cellsize      0.006167
NODATA_value  -9999
[rows 74 to 110 of 184, columns 83 to 165 of 215]
2246 2245 2245 2246 2245 2245 2250 2251 2257 2260 2270 2277 2308 2310 2355 2344 2362 2375 2393 2423 2450 2441 2409 2392 2380 2377 2382 2383 2383 2381 2382 2371 2363 2361 2359 2361 2363 2359 2359 2353 2355 2355 2362 2379 2377 2403 2424 2492 2474 2518 2514 2495 2510 2530 2541 2544 2541 2527 2498 2496 2528 2512 2518 2522 2503 2479 2457 2458 2461 2458 2459 2460 2462 2463 2491 2512 2539 2539 2511 2498 2489 2475 2471
2246 2246 2245 2246 2245 2247 2251 2256 2262 2262 2271 2276 2294 2306 2348 2339 2353 2362 2375 2397 2439 2432 2405 2391 2370 2367 2362 2358 2346 2342 2337 2330 2329 2339 2342 2344 2346 2346 2343 2347 2347 2349 2355 2367 2374 2402 2418 2439 2447 2482 2481 2483 2494 2514 2527 2552 2562 2532 2500 2505 2520 2523 2567 2581 2534 2495 2474 2475 2482 2460 2461 2461 2463 2464 2469 2488 2516 2512 2486 2480 2477 2469 2467
2245 2245 2248 2252 2260 2265 2271 2274 2273 2267 2268 2274 2288 2300 2330 2335 2333 2332 2360 2380 2465 2541 2401 2374 2362 2349 2339 2334 2316 2310 2307 2308 2311 2321 2322 2326 2329 2334 2338 2343 2346 2351 2356 2367 2372 2385 2393 2434 2493 2486 2462 2474 2481 2499 2528 2582 2539 2522 2524 2534 2558 2575 2754 2766 2677 2537 2499 2495 2460 2462 2462 2462 2466 2465 2466 2465 2478 2478 2469 2466 2465 2465 2463
2247 2246 2248 2259 2268 2275 2280 2279 2270 2267 2269 2273 2286 2299 2331 2352 2319 2330 2353 2391 2450 2486 2397 2358 2357 2345 2330 2326 2310 2306 2304 2306 2310 2317 2319 2326 2329 2336 2340 2348 2350 2354 2359 2368 2374 2383 2392 2428 2462 2469 2456 2476 2487 2504 2512 2530 2525 2531 2553 2566 2582 2598 2818 2806 2721 2546 2481 2470 2462 2462 2464 2465 2467 2467 2466 2467 2470 2471 2467 2467 2464 2465 2466
2243 2247 2246 2252 2266 2280 2289 2289 2279 2274 2274 2274 2294 2333 2353 2330 2305 2315 2346 2351 2356 2359 2332 2318 2316 2320 2317 2311 2303 2301 2300 2305 2307 2314 2318 2325 2330 2342 2345 2354 2358 2367 2369 2377 2381 2391 2398 2416 2424 2444 2454 2476 2502 2533 2545 2566 2595 2603 2716 2768 2768 2671 2757 2732 2733 2668 2575 2540 2471 2477 2471 2469 2469 2470 2469 2470 2467 2469 2467 2467 2466 2466 2466
2244 2245 2247 2256 2267 2282 2292 2291 2285 2282 2281 2281 2292 2317 2352 2344 2302 2334 2345 2328 2329 2351 2314 2304 2305 2305 2310 2305 2300 2297 2300 2304 2306 2312 2315 2324 2338 2359 2357 2356 2361 2374 2378 2385 2391 2397 2403 2421 2429 2449 2462 2493 2510 2551 2569 2591 2643 2662 2858 2929 2811 2790 2730 2697 2701 2696 2669 2606 2527 2516 2480 2474 2471 2473 2472 2471 2468 2469 2468 2469 2468 2467 2467
2246 2250 2251 2270 2290 2299 2312 2312 2311 2309 2302 2300 2284 2283 2295 2302 2289 2301 2299 2294 2293 2288 2282 2281 2284 2287 2294 2293 2293 2294 2296 2300 2303 2309 2314 2336 2354 2378 2379 2371 2371 2382 2389 2403 2409 2421 2427 2456 2467 2479 2486 2514 2529 2593 2617 2646 2733 2785 2877 2879 2853 2821 2819 2837 2737 2726 2599 2570 2533 2519 2490 2483 2476 2476 2475 2474 2473 2472 2471 2469 2469 2473 2478
2247 2251 2260 2288 2306 2312 2322 2328 2325 2320 2310 2306 2289 2279 2278 2282 2281 2283 2281 2279 2279 2276 2275 2277 2280 2283 2286 2289 2292 2295 2297 2301 2303 2309 2315 2337 2357 2385 2387 2382 2388 2386 2396 2409 2420 2436 2452 2503 2515 2514 2520 2555 2559 2614 2646 2679 2757 2805 2866 2857 2844 2831 2858 2788 2828 2782 2647 2609 2550 2529 2489 2482 2478 2479 2476 2475 2475 2473 2472 2472 2474 2478 2484
2255 2270 2287 2322 2329 2344 2339 2341 2349 2342 2327 2316 2293 2283 2267 2268 2268 2268 2266 2265 2269 2272 2275 2274 2279 2282 2286 2288 2294 2299 2302 2306 2307 2315 2321 2342 2351 2373 2394 2404 2408 2404 2418 2426 2422 2441 2464 2514 2531 2559 2589 2644 2662 2665 2712 2733 2818 2876 2912 2911 2857 2825 2783 2759 2727 2739 2734 2645 2766 2641 2496 2484 2484 2483 2480 2479 2476 2475 2479 2483 2483 2477 2486
2274 2295 2309 2349 2348 2368 2360 2356 2361 2352 2332 2320 2293 2281 2265 2263 2262 2264 2266 2267 2270 2270 2274 2275 2279 2281 2288 2289 2295 2299 2301 2310 2311 2320 2325 2337 2346 2371 2396 2413 2418 2422 2420 2444 2447 2448 2479 2514 2554 2572 2601 2635 2645 2722 2763 2805 2965 2942 2946 2943 2873 2838 2778 2750 2698 2674 2675 2624 2639 2594 2505 2490 2486 2485 2483 2481 2478 2478 2477 2479 2478 2486 2491
2290 2314 2331 2377 2389 2403 2425 2407 2377 2360 2332 2319 2293 2280 2262 2260 2262 2263 2263 2261 2265 2272 2291 2285 2288 2291 2296 2295 2300 2308 2307 2314 2320 2319 2323 2333 2339 2365 2379 2418 2433 2459 2464 2469 2487 2498 2506 2581 2585 2607 2622 2670 2721 2775 2865 2920 3028 2987 2989 3021 2862 2802 2747 2718 2661 2649 2632 2621 2588 2560 2521 2510 2491 2490 2487 2487 2480 2482 2478 2480 2482 2495 2516
2294 2322 2339 2388 2406 2428 2460 2431 2373 2356 2329 2319 2293 2282 2265 2260 2262 2263 2261 2262 2264 2276 2289 2287 2297 2302 2309 2310 2303 2307 2311 2311 2319 2329 2337 2350 2350 2380 2402 2431 2438 2464 2487 2507 2501 2528 2534 2598 2613 2637 2629 2661 2687 2750 2842 2934 2953 2950 2971 3036 2832 2774 2724 2696 2644 2634 2617 2620 2565 2549 2541 2523 2494 2493 2493 2492 2484 2482 2488 2486 2488 2505 2559
2284 2318 2339 2394 2427 2478 2561 2485 2360 2339 2312 2304 2282 2270 2260 2259 2260 2260 2260 2260 2266 2268 2282 2290 2323 2336 2355 2361 2384 2349 2338 2329 2327 2334 2342 2374 2398 2433 2466 2493 2492 2491 2506 2554 2556 2570 2578 2641 2664 2680 2691 2769 2845 2954 2980 2973 2923 2913 2909 2912 2806 2764 2699 2686 2633 2619 2600 2587 2559 2547 2529 2521 2502 2502 2498 2497 2492 2487 2497 2500 2499 2517 2563
2270 2304 2326 2387 2420 2462 2475 2430 2351 2329 2301 2291 2271 2265 2259 2259 2260 2258 2259 2259 2265 2272 2288 2299 2349 2369 2390 2398 2408 2378 2360 2341 2339 2327 2341 2366 2389 2428 2465 2501 2512 2520 2544 2574 2582 2585 2605 2667 2678 2703 2741 2798 2843 2992 2955 2897 2906 2894 2868 2848 2787 2760 2726 2721 2648 2618 2586 2569 2559 2547 2532 2527 2507 2506 2502 2501 2495 2489 2497 2501 2502 2521 2565
2258 2294 2316 2364 2390 2404 2395 2370 2332 2321 2293 2285 2270 2268 2261 2260 2259 2259 2257 2258 2269 2280 2325 2343 2373 2406 2463 2472 2453 2407 2384 2355 2349 2337 2335 2350 2361 2426 2464 2509 2522 2542 2574 2608 2610 2603 2625 2680 2694 2724 2761 2862 2895 2946 2886 2847 2874 2864 2831 2797 2753 2745 2758 2742 2642 2601 2571 2563 2555 2543 2526 2518 2513 2511 2507 2502 2496 2490 2500 2501 2502 2517 2547
2247 2265 2282 2315 2345 2352 2321 2311 2290 2289 2298 2287 2279 2268 2259 2258 2257 2256 2256 2258 2290 2328 2382 2395 2413 2460 2627 2732 2646 2518 2428 2378 2373 2368 2359 2359 2382 2422 2433 2482 2514 2564 2585 2630 2643 2650 2659 2682 2705 2748 2782 2914 2963 2901 2821 2797 2806 2777 2759 2739 2676 2670 2664 2649 2601 2576 2558 2555 2539 2526 2520 2523 2519 2517 2514 2510 2502 2494 2513 2517 2536 2594 2552
2248 2256 2270 2295 2317 2322 2293 2287 2278 2275 2311 2290 2277 2267 2257 2258 2254 2255 2257 2267 2304 2400 2372 2406 2435 2464 2567 2666 2564 2483 2467 2407 2408 2370 2373 2365 2403 2423 2437 2488 2510 2609 2604 2632 2648 2662 2662 2698 2705 2822 2845 2961 2893 2837 2784 2766 2760 2735 2729 2709 2659 2649 2613 2608 2584 2573 2544 2539 2529 2527 2528 2526 2525 2522 2518 2511 2501 2495 2527 2541 2569 2659 2571
2245 2248 2250 2266 2272 2271 2259 2257 2255 2254 2264 2277 2271 2267 2256 2255 2254 2253 2259 2265 2286 2305 2361 2420 2447 2409 2503 2507 2612 2663 2585 2477 2453 2398 2439 2373 2391 2422 2433 2463 2494 2531 2553 2647 2703 2724 2713 2739 2748 2820 2886 2819 2810 2774 2753 2725 2707 2691 2673 2678 2630 2617 2595 2585 2572 2570 2560 2547 2538 2534 2537 2536 2534 2530 2524 2516 2504 2499 2526 2553 2568 2578 2574
2246 2246 2249 2252 2252 2255 2251 2252 2250 2249 2249 2260 2268 2266 2255 2256 2254 2254 2259 2266 2288 2324 2349 2405 2411 2403 2476 2485 2617 2632 2556 2504 2511 2420 2443 2418 2381 2415 2431 2468 2479 2506 2527 2646 2733 2800 2787 2799 2795 2862 2845 2816 2783 2755 2738 2729 2699 2684 2661 2659 2621 2611 2604 2591 2572 2561 2548 2542 2543 2539 2542 2541 2536 2535 2526 2518 2508 2506 2512 2536 2553 2568 2564
2242 2245 2243 2243 2244 2243 2244 2243 2244 2245 2248 2250 2251 2251 2252 2259 2270 2268 2265 2272 2322 2327 2371 2395 2385 2428 2406 2388 2435 2451 2466 2549 2548 2464 2463 2435 2500 2420 2420 2463 2480 2508 2542 2591 2641 2805 2834 2818 2838 2921 2869 2817 2793 2789 2805 2788 2707 2676 2644 2641 2629 2620 2607 2592 2569 2562 2557 2557 2552 2551 2552 2550 2546 2536 2530 2529 2513 2509 2502 2501 2502 2512 2510
2242 2241 2241 2242 2241 2240 2239 2240 2240 2241 2245 2247 2249 2250 2251 2265 2287 2279 2266 2270 2326 2363 2394 2362 2356 2386 2371 2368 2405 2431 2473 2556 2523 2569 2537 2522 2556 2433 2441 2475 2497 2541 2537 2572 2602 2687 2772 2828 2827 2848 2829 2809 2830 2832 2857 2793 2697 2670 2654 2640 2627 2612 2609 2594 2570 2560 2560 2560 2560 2559 2557 2556 2542 2537 2541 2534 2517 2515 2509 2501 2502 2502 2504
2240 2239 2239 2238 2238 2238 2237 2238 2240 2241 2245 2246 2248 2250 2251 2286 2296 2296 2265 2265 2329 2430 2435 2376 2325 2315 2324 2351 2357 2348 2374 2369 2431 2445 2457 2579 2563 2473 2480 2524 2563 2563 2582 2618 2628 2676 2695 2778 2781 2814 2799 2846 2898 2887 2808 2761 2710 2691 2648 2640 2597 2597 2585 2577 2578 2581 2587 2586 2584 2568 2568 2559 2564 2563 2559 2544 2532 2529 2520 2515 2520 2529 2529
2240 2239 2239 2238 2239 2237 2237 2238 2240 2240 2245 2245 2247 2249 2250 2260 2276 2276 2261 2262 2297 2335 2488 2417 2314 2306 2315 2404 2362 2329 2325 2355 2410 2389 2398 2499 2498 2524 2532 2526 2583 2630 2648 2689 2703 2764 2815 2787 2795 2895 2870 2847 2898 2917 2881 2863 2770 2764 2660 2627 2600 2601 2603 2596 2584 2597 2620 2607 2587 2569 2568 2562 2572 2569 2554 2545 2539 2534 2527 2525 2523 2534 2533
2232 2235 2237 2238 2236 2237 2238 2239 2240 2241 2243 2244 2248 2249 2250 2252 2255 2256 2256 2259 2285 2342 2381 2439 2286 2287 2288 2294 2325 2318 2304 2340 2333 2332 2357 2451 2429 2535 2541 2571 2606 2669 2681 2730 2759 2911 2843 2891 2969 2977 2970 2930 2880 2852 2803 2798 2746 2676 2637 2633 2620 2620 2638 2635 2603 2623 2662 2630 2580 2589 2587 2595 2585 2573 2560 2556 2551 2547 2544 2545 2536 2545 2543
2233 2233 2232 2237 2236 2236 2237 2238 2238 2240 2243 2244 2249 2249 2251 2252 2251 2253 2255 2256 2284 2343 2306 2323 2278 2282 2283 2284 2303 2299 2297 2309 2311 2323 2356 2416 2426 2548 2558 2574 2603 2648 2678 2722 2765 2916 2855 2845 2880 2944 2953 2909 2859 2805 2801 2745 2724 2677 2650 2629 2666 2646 2653 2647 2612 2656 2647 2622 2587 2612 2593 2596 2597 2586 2567 2564 2560 2555 2551 2553 2549 2551 2549
2232 2232 2232 2237 2237 2237 2236 2236 2238 2239 2243 2243 2244 2246 2246 2247 2250 2251 2254 2258 2262 2269 2267 2266 2272 2275 2276 2280 2286 2290 2296 2318 2335 2373 2394 2391 2415 2470 2514 2605 2622 2647 2671 2717 2733 2787 2825 2853 2873 2936 2902 2863 2837 2785 2750 2709 2693 2671 2639 2646 2702 2697 2681 2645 2698 2689 2646 2618 2643 2634 2604 2621 2602 2589 2592 2594 2581 2576 2566 2566 2568 2558 2562
2232 2233 2233 2236 2236 2237 2235 2234 2237 2237 2242 2242 2243 2244 2244 2247 2250 2250 2255 2256 2261 2262 2267 2266 2270 2272 2283 2284 2287 2303 2324 2339 2361 2395 2404 2407 2414 2483 2547 2599 2626 2677 2721 2707 2728 2832 2873 2859 2892 2975 2909 2854 2819 2775 2749 2724 2691 2674 2668 2681 2730 2703 2685 2686 2690 2662 2631 2644 2649 2643 2611 2632 2608 2606 2604 2601 2592 2589 2577 2577 2570 2550 2568
2233 2232 2236 2236 2236 2236 2236 2235 2238 2238 2239 2239 2243 2243 2246 2248 2252 2252 2255 2255 2257 2259 2263 2265 2267 2268 2280 2292 2293 2300 2321 2316 2330 2364 2380 2405 2432 2508 2549 2599 2629 2652 2660 2691 2727 2791 2813 2836 2860 2899 2866 2828 2822 2766 2731 2711 2706 2699 2716 2727 2745 2713 2763 2745 2747 2725 2671 2673 2660 2641 2649 2642 2636 2634 2627 2621 2611 2606 2591 2580 2566 2566 2581
2234 2235 2236 2235 2235 2236 2236 2236 2237 2241 2239 2240 2243 2243 2246 2248 2250 2251 2254 2255 2257 2258 2263 2262 2264 2266 2278 2287 2300 2310 2314 2321 2330 2366 2385 2419 2428 2507 2554 2581 2670 2695 2683 2689 2709 2762 2831 2871 2897 2929 2914 2858 2837 2770 2732 2767 2725 2751 2758 2775 2734 2751 2780 2745 2740 2711 2688 2682 2656 2673 2661 2651 2652 2650 2641 2638 2624 2618 2582 2566 2556 2587 2584
2234 2235 2235 2235 2234 2235 2237 2235 2239 2239 2241 2241 2241 2244 2246 2249 2250 2252 2253 2254 2257 2258 2261 2264 2265 2267 2270 2277 2292 2306 2320 2333 2342 2416 2440 2459 2482 2533 2567 2606 2597 2639 2649 2674 2687 2758 2782 2950 2971 3121 3026 2871 2833 2790 2825 2821 2833 2799 2840 2812 2824 2808 2792 2796 2734 2711 2681 2675 2707 2708 2689 2685 2687 2692 2672 2662 2636 2612 2613 2582 2619 2612 2586
2233 2233 2234 2235 2234 2235 2235 2235 2239 2238 2242 2240 2239 2241 2243 2246 2249 2250 2252 2253 2257 2258 2260 2262 2266 2269 2274 2278 2290 2299 2307 2336 2364 2424 2465 2451 2477 2533 2572 2625 2633 2606 2618 2677 2689 2741 2780 2875 2930 3069 3009 2873 2826 2826 2881 2842 2856 2818 2849 2838 2819 2814 2813 2777 2724 2728 2700 2682 2730 2716 2716 2706 2707 2704 2683 2671 2622 2602 2617 2585 2630 2616 2582
2233 2231 2233 2234 2234 2234 2236 2238 2237 2239 2238 2238 2240 2241 2241 2244 2248 2250 2252 2253 2255 2256 2260 2262 2268 2269 2273 2277 2291 2355 2446 2489 2458 2451 2494 2496 2524 2558 2575 2660 2755 2698 2673 2657 2701 2767 2751 2833 2907 2955 2925 2875 2899 2890 2911 2937 2874 2918 2896 2879 2869 2861 2798 2777 2780 2750 2728 2736 2772 2769 2761 2747 2736 2718 2671 2651 2651 2650 2622 2644 2643 2608 2627
2230 2231 2232 2234 2234 2234 2236 2237 2238 2238 2238 2237 2240 2240 2243 2244 2247 2249 2251 2253 2255 2256 2261 2264 2269 2270 2275 2279 2296 2322 2386 2556 2554 2472 2488 2524 2515 2564 2584 2634 2673 2679 2688 2706 2681 2770 2791 2850 2920 2906 2914 2909 2932 2921 2959 2988 2937 2918 2918 2903 2883 2858 2801 2816 2774 2777 2745 2798 2837 2848 2781 2752 2737 2713 2655 2666 2661 2630 2658 2660 2644 2626 2640
2229 2230 2232 2234 2234 2234 2236 2237 2238 2238 2237 2238 2238 2238 2241 2243 2247 2247 2249 2251 2255 2256 2260 2263 2272 2277 2284 2293 2314 2376 2364 2387 2452 2510 2495 2534 2558 2613 2627 2623 2633 2680 2709 2732 2747 2753 2816 2854 2844 2864 2928 2979 2989 2971 3020 3028 2978 3001 2966 2927 2893 2901 2831 2819 2804 2789 2782 2863 3019 2990 2820 2791 2731 2698 2719 2697 2689 2695 2674 2659 2653 2639 2649
2234 2234 2233 2234 2235 2235 2236 2237 2238 2237 2238 2238 2239 2239 2241 2242 2245 2247 2251 2251 2255 2256 2261 2264 2272 2278 2288 2303 2338 2339 2347 2377 2406 2491 2537 2528 2563 2581 2607 2637 2653 2700 2792 2882 2851 2833 2851 2936 2939 2934 2897 3001 3029 3032 3042 3079 3028 3031 2983 2948 2923 2880 2864 2856 2816 2791 2809 2868 3007 2968 2841 2806 2720 2715 2714 2674 2711 2700 2680 2675 2666 2658 2660
2238 2233 2233 2233 2236 2235 2237 2237 2237 2237 2237 2237 2237 2237 2238 2239 2242 2245 2249 2249 2256 2257 2263 2268 2280 2286 2311 2318 2342 2359 2370 2400 2416 2626 2622 2551 2576 2599 2616 2646 2651 2837 2942 3017 2983 2921 2973 3032 3014 2997 3042 3012 3012 3104 3133 3181 3113 3058 3073 3005 2974 2955 2913 2905 2904 2891 2885 2870 2836 2822 2782 2775 2785 2750 2697 2721 2737 2723 2706 2698 2692 2661 2639
2231 2234 2235 2235 2235 2236 2237 2238 2237 2237 2237 2237 2237 2238 2239 2241 2242 2245 2248 2249 2254 2256 2262 2278 2292 2296 2324 2332 2331 2367 2380 2401 2426 2578 2543 2563 2562 2601 2623 2643 2662 2849 2948 3024 3040 2971 3046 3072 3065 3034 3042 3124 3081 3130 3175 3239 3156 3100 3082 3018 3037 3000 2919 2920 2961 2925 2895 2871 2826 2804 2825 2814 2760 2732 2727 2764 2743 2729 2714 2705 2690 2648 2647
